COC_11:1.3864214299785107
COC_10:1.5692074174056982
COC_03:inf
COC_04:2.362605760780538
COC_05:1.1851533751844379
COC_02:1.8840520442475828
COC_12:1.758189897622973
COC_07:1.1681495232375547
COC_09:nan
COC_08:1.1981198841020355
COC_01:nan
COC_06:2.3980407539803226
