COC_11:1.1377391306205211
COC_10:1.5009735583577408
COC_03:1.5250591131437494
COC_04:2.447047479408549
COC_05:1.025761304769842
COC_02:1.7508950220235975
COC_12:1.61578893356119
COC_07:1.1035495161551325
COC_09:1.0006481339077775
COC_08:1.2391676412264907
COC_01:2.0676157080894306
COC_06:2.3669012386153083
