MDPV_05:2.3707961057357276
MDPV_02:2.3545520257923758
MDPV_03:2.059265732705175
MDPV_04:1.7268721111415246
MDPV_10:1.0132694158135849
MDPV_11:0.5098375730426626
MDPV_08:2.253163328233298
MDPV_01:1.2368404333341323
MDPV_06:1.4414763794727017
MDPV_07:0.3025900564683991
MDPV_09:0.9190077101755654
MDPV_12:1.4424796539680431
