MDPV_05:2.597795978770026
MDPV_02:nan
MDPV_03:2.299250025338688
MDPV_04:nan
MDPV_10:1.1827559591270196
MDPV_11:nan
MDPV_08:2.181606875668165
MDPV_01:1.6110298192581676
MDPV_06:1.891188944269873
MDPV_07:0.3948526149183455
MDPV_09:0.9929669036675942
MDPV_12:1.6902732025306564
