OrgSCRSAL_10:2.1854631208034774
OrgSCRSAL_12:2.1426864238785317
OrgSCRSAL_04:2.0759652434473894
OrgSCRSAL_08:2.1522672906911575
OrgSCRSAL_02:1.7169601556750076
OrgSCRSAL_06:1.9640370662984585
OrgSCRSAL_11:2.09724805615064
OrgSCRSAL_03:1.9853228637163374
OrgSCRSAL_01:1.8125102394684993
OrgSCRSAL_09:2.2001997330717993
OrgSCRSAL_07:1.7863496253790703
OrgSCRSAL_05:1.8802914483762727
