OrgSCRMDPV_04:1.9428662160685202
OrgSCRMDPV_08:1.9244736825120048
OrgSCRMDPV_02:1.975454827182822
OrgSCRMDPV_06:1.980752268376181
OrgSCRMDPV_10:2.1543309584433468
OrgSCRMDPV_12:1.9807002939898748
OrgSCRMDPV_03:1.9913436925434205
OrgSCRMDPV_09:2.200643537549085
OrgSCRMDPV_01:1.8683099484618095
OrgSCRMDPV_07:1.8415423739910304
OrgSCRMDPV_05:1.9211139377726965
OrgSCRMDPV_11:2.0832463966675774
