OrgSCRMDPV_04:1.9779175550675843
OrgSCRMDPV_08:inf
OrgSCRMDPV_02:inf
OrgSCRMDPV_06:1.9727051526981103
OrgSCRMDPV_10:2.199594975713634
OrgSCRMDPV_12:1.9573666454686742
OrgSCRMDPV_03:inf
OrgSCRMDPV_09:inf
OrgSCRMDPV_01:1.9509710192481735
OrgSCRMDPV_07:1.909061859365308
OrgSCRMDPV_05:1.9716638427211437
OrgSCRMDPV_11:2.106220899158401
