OrgSCRCOC_09:1.990511850583625
OrgSCRCOC_01:1.8657110400794288
OrgSCRCOC_03:1.9859991523448555
OrgSCRCOC_07:1.8761176310796486
OrgSCRCOC_05:inf
OrgSCRCOC_11:2.135471229844461
OrgSCRCOC_04:2.0609535480974954
OrgSCRCOC_02:inf
OrgSCRCOC_08:2.1569724412950833
OrgSCRCOC_06:inf
OrgSCRCOC_10:inf
OrgSCRCOC_12:1.9821523398401162
