OrgSCRCOC_09:2.037460290554975
OrgSCRCOC_01:1.7824853382623043
OrgSCRCOC_03:1.993919628664632
OrgSCRCOC_07:1.8765290820846872
OrgSCRCOC_05:1.669838663578263
OrgSCRCOC_11:2.0558013950179626
OrgSCRCOC_04:2.0103105142462354
OrgSCRCOC_02:1.9153084738485704
OrgSCRCOC_08:2.076255941143977
OrgSCRCOC_06:1.967527329942614
OrgSCRCOC_10:2.1212574289529043
OrgSCRCOC_12:2.0112783276833546
