RANDOM_9:2.5982635671773613
RANDOM_10:2.608709680894813
RANDOM_1:2.5955174410307436
RANDOM_3:2.600877862506853
RANDOM_7:inf
RANDOM_12:2.6054968530312332
RANDOM_5:inf
RANDOM_4:2.6127217258839357
RANDOM_2:2.615645720671732
RANDOM_8:inf
RANDOM_6:inf
RANDOM_11:2.606757309753988
