RANDOM_9:2.687991024971445
RANDOM_10:2.700611316264301
RANDOM_1:2.6779213290221464
RANDOM_3:2.6852397786883926
RANDOM_7:2.658197350502595
RANDOM_12:2.689067788084305
RANDOM_5:2.692550062322603
RANDOM_4:2.705932957786813
RANDOM_2:2.699609982419968
RANDOM_8:2.6981933825426463
RANDOM_6:2.6509024201853193
RANDOM_11:2.7006691669813447
