SAL_11:1.4489374368880756
SAL_10:2.576270639519726
SAL_03:2.0366434249798724
SAL_04:2.2735568152789267
SAL_05:2.246828339769461
SAL_02:2.257683460596159
SAL_12:1.8571633320374006
SAL_09:1.5489562755876676
SAL_07:0.6100943786800002
SAL_01:2.249888865239138
SAL_06:1.2209453912334496
SAL_08:1.8669713298234611
