SAL_11:1.694130366950746
SAL_10:2.793448832108421
SAL_03:inf
SAL_04:2.209854627411052
SAL_05:2.2904669358505396
SAL_02:2.404030720590204
SAL_12:2.1836206601886388
SAL_09:1.5932296798499335
SAL_07:0.8846243371311998
SAL_01:2.271832337589087
SAL_06:1.281470088448622
SAL_08:2.1034298090315837
