SCRCOC_07:2.518854364944231
SCRCOC_05:2.471088185452892
SCRCOC_01:2.5076256847223113
SCRCOC_09:2.48121143480841
SCRCOC_03:2.479593069096823
SCRCOC_11:2.520799451707648
SCRCOC_08:2.405762167863619
SCRCOC_02:2.3930213608612787
SCRCOC_04:2.3072773398788042
SCRCOC_06:2.5166417813190876
SCRCOC_12:2.3959383811153474
SCRCOC_10:2.3298978316305985
