SCRMDPV_12:2.4289496087443916
SCRMDPV_10:2.4161444826230105
SCRMDPV_02:2.451472419081138
SCRMDPV_08:2.5291420859767695
SCRMDPV_06:2.3021041714617234
SCRMDPV_04:2.5888791312896653
SCRMDPV_11:2.375588130414004
SCRMDPV_05:2.524144079898163
SCRMDPV_01:2.3908023779065104
SCRMDPV_09:2.4989534198370507
SCRMDPV_03:2.543139719225998
SCRMDPV_07:2.576623589712752
