SCRSAL_10:2.3799085789631413
SCRSAL_12:2.5345001522013364
SCRSAL_02:2.527330238945147
SCRSAL_08:2.286910436080341
SCRSAL_06:2.581635723669364
SCRSAL_04:2.4772501441780688
SCRSAL_11:2.539461860280528
SCRSAL_05:2.512368846175949
SCRSAL_07:2.4665723028619975
SCRSAL_01:2.458704310563203
SCRSAL_03:2.4425451676769656
SCRSAL_09:2.3605598091900464
