SCRSAL_10:2.3960940045207453
SCRSAL_12:inf
SCRSAL_02:2.494190350574806
SCRSAL_08:2.3157291060240954
SCRSAL_06:inf
SCRSAL_04:2.4521002634950464
SCRSAL_11:2.50596861796309
SCRSAL_05:inf
SCRSAL_07:2.4599072591503988
SCRSAL_01:inf
SCRSAL_03:2.422612658967222
SCRSAL_09:2.347140672483145
