COC_11:1.992321412417572
COC_10:2.2372949861089055
COC_03:2.115008956611068
COC_04:2.4398704377151454
COC_05:1.6321579093875316
COC_02:2.447517488081493
COC_12:2.2119632198951518
COC_07:0.35960086214947534
COC_09:0.6270223337977395
COC_08:1.4814384157875886
COC_01:2.327468929748652
COC_06:2.72407154838163
