MDPV_05:2.374469359146976
MDPV_02:2.3260396120853115
MDPV_03:2.720844187531068
MDPV_04:2.5880208086969154
MDPV_10:1.984976945234722
MDPV_11:1.5240573259430876
MDPV_08:2.6424355785410962
MDPV_01:1.3501213241076462
MDPV_06:2.1864895432309277
MDPV_07:0.0
MDPV_09:0.9945735678827762
MDPV_12:1.6514203532757528
