SAL_11:2.5301820853031214
SAL_10:2.7173064119727193
SAL_03:2.3945468740302585
SAL_04:2.716592655000433
SAL_05:2.4236631996529834
SAL_02:2.215352973221982
SAL_12:1.5828697059086123
SAL_09:2.4296039359446002
SAL_07:0.7351837337037075
SAL_01:2.677044767224374
SAL_06:1.4425746863792508
SAL_08:2.575725929352167
